steps,time,reward,delta,converged
1,0.025176420999969196,-5.347305389221557,0,False
2,0.024955959999942934,-6.730538922155689,0,False
3,0.0213647509999646,-5.158878504672897,99.99952399218907,False
4,0.0020247990000825666,-0.95,99.99952399218907,False
5,0.012046697999949174,-3.02880658436214,99.99952399218907,False
6,0.001061039999967761,3.8095238095238093,99.99952399218907,False
7,0.0044480530000328145,-4.277777777777778,99.99952399218907,False
8,0.002176592000068922,-0.9545454545454546,99.99952399218907,False
9,0.009789691999912975,-4.50761421319797,99.99952399218907,False
10,0.0023238660000970413,-3.0638297872340425,99.99952399218907,False
11,0.003578561000040281,-5.097222222222222,99.99952399218907,False
12,0.0010577269999885175,3.8095238095238093,99.99952399218907,False
13,0.0011053119999360206,3.590909090909091,99.99952399218907,False
14,0.0033400310001070466,-5.46969696969697,99.99952399218907,False
15,0.0009652649998770357,4.315789473684211,99.99952399218907,False
16,0.0009119579999605776,4.611111111111111,99.99952399218907,False
17,0.0017742219999945519,-3.7714285714285714,99.99952399218907,False
18,0.002266040999984398,-3.108695652173913,99.99952399218907,False
19,0.0020082349999483995,-0.95,99.99952399218907,False
20,0.0008095580001281633,5.3125,99.99952399218907,False
21,0.001622730999997657,-4.03125,99.99952399218907,False
22,0.002051604000143925,-3.3095238095238093,99.99952399218907,False
23,0.0011384419999558304,-0.9047619047619048,99.99952399218907,False
24,0.0028141789998699096,-7.793103448275862,99.99952399218907,False
25,0.0021859280000171566,-0.9545454545454546,99.99952399218907,False
26,0.0013760690001163312,-0.9285714285714286,99.99952399218907,False
27,0.0017076620001716947,-0.9411764705882353,99.99952399218907,False
28,0.0011306099997909769,-0.9130434782608695,99.99952399218907,False
29,0.0014152210001157073,-0.9285714285714286,99.99952399218907,False
30,0.0035854879999988043,-6.472222222222222,99.99952399218907,False
31,0.0021558099999765545,-3.2045454545454546,99.99952399218907,False
32,0.0009920699999383942,4.05,99.99952399218907,False
33,0.0008478070001274318,4.9411764705882355,99.99952399218907,False
34,0.0007975109999733832,5.3125,99.99952399218907,False
35,0.000860155999816925,4.9411764705882355,99.99952399218907,False
36,0.0035490459999891755,-9.222222222222221,99.99952399218907,False
37,0.00138118800009579,-0.9259259259259259,99.99952399218907,False
38,0.0008523249998688698,4.9411764705882355,99.99952399218907,False
39,0.0011441629999353609,3.391304347826087,99.99952399218907,False
40,0.0010050210000827065,4.611111111111111,99.99952399218907,False
41,0.001769101000036244,-3.6944444444444446,99.99952399218907,False
42,0.0008472049998999864,4.9411764705882355,99.99952399218907,False
43,0.0019982960000106686,-3.425,99.99952399218907,False
44,0.0007508290000259876,5.733333333333333,99.99952399218907,False
45,0.0007490229997983988,5.733333333333333,99.99952399218907,False
46,0.0016995299999962299,-0.9411764705882353,99.99952399218907,False
47,0.0007484200000362762,5.733333333333333,99.99952399218907,False
48,0.0009011160000227392,4.611111111111111,99.99952399218907,False
49,0.002535591999958342,-2.9019607843137254,99.99952399218907,False
50,0.0017618740000671096,-0.9411764705882353,99.99952399218907,False
51,0.0018079540000144334,-6.297297297297297,99.99952399218907,False
52,0.000844795999910275,4.9411764705882355,99.99952399218907,False
53,0.001700734999985798,-3.8529411764705883,99.99952399218907,False
54,0.000844795999910275,4.9411764705882355,99.99952399218907,False
55,0.002132016999894404,-3.255813953488372,99.99952399218907,False
56,0.0014676260000214825,-4.233333333333333,99.99952399218907,False
57,0.0007987159999629512,5.3125,99.99952399218907,False
58,0.0013251699999727862,-0.9230769230769231,99.99952399218907,False
59,0.000843590999920707,4.9411764705882355,99.99952399218907,False
60,0.0010044180000932101,-0.8947368421052632,99.99952399218907,False
61,0.0027277419999336416,-4.5636363636363635,99.99952399218907,False
62,0.0008956940000643954,4.611111111111111,99.99952399218907,False
63,0.004148685000018304,-9.129411764705882,99.99952399218907,False
64,0.003727342000047429,-6.184210526315789,99.99952399218907,False
65,0.0023443459999725746,-9.382978723404255,99.99952399218907,False
66,0.0012266849998923135,3.391304347826087,99.99952399218907,False
67,0.0008956940000643954,4.9411764705882355,99.99952399218907,False
68,0.0008962960000644671,4.611111111111111,99.99952399218907,False
69,0.001713383999913276,-0.9428571428571428,99.99952399218907,False
70,0.0007905840000148601,5.733333333333333,99.99952399218907,False
71,0.002477464999856238,-2.9019607843137254,99.99952399218907,False
72,0.0010330300001442083,4.05,99.99952399218907,False
73,0.0015730370000710536,-0.9375,99.99952399218907,False
74,0.0015245479999066447,-0.9333333333333333,99.99952399218907,False
75,0.0007577559999845107,5.733333333333333,99.99952399218907,False
76,0.0012616220001291367,-0.9166666666666666,99.99952399218907,False
77,0.0008965979998265539,4.611111111111111,99.99952399218907,False
78,0.0008911770000850083,4.9411764705882355,99.99952399218907,False
79,0.0023774759999923845,-2.979591836734694,99.99952399218907,False
80,0.0007899820000147884,5.733333333333333,99.99952399218907,False
81,0.0008426870001585485,-6.705882352941177,99.99952399218907,False
82,0.0007472149998193345,5.733333333333333,99.99952399218907,False
83,0.0017034459999649698,-3.8529411764705883,99.99952399218907,False
84,0.0007493230000363837,5.733333333333333,99.99952399218907,False
85,0.0010872410000501986,-0.9090909090909091,99.99952399218907,False
86,0.0008008239999526268,-0.875,99.99952399218907,False
87,0.0016170080000392772,-0.9375,99.99952399218907,False
88,0.0009526169999389822,4.315789473684211,99.99952399218907,False
89,0.0008505180001066037,4.9411764705882355,99.99952399218907,False
90,0.0010944699999981822,-0.9090909090909091,99.99952399218907,False
91,0.0017561519998707809,-0.9444444444444444,99.99952399218907,False
92,0.0008902730000954762,4.9411764705882355,99.99952399218907,False
93,0.0008956939998370217,-0.8888888888888888,99.99952399218907,False
94,0.001417028000105347,-0.9310344827586207,99.99952399218907,False
95,0.0016630890002033993,-0.9393939393939394,99.99952399218907,False
96,0.0022425490001296566,-3.108695652173913,99.99952399218907,False
97,0.0007914880000043922,5.733333333333333,99.99952399218907,False
98,0.0008562399998481851,5.733333333333333,99.99952399218907,False
99,0.0012670440000874805,-0.9130434782608695,99.99952399218907,False
100,0.003587294999988444,-5.097222222222222,99.99952399218907,False
101,0.0017188049998821953,-0.9411764705882353,99.99952399218907,False
102,0.0008984050000435673,4.611111111111111,99.99952399218907,False
103,0.002393738999899142,-9.208333333333334,99.99952399218907,False
104,0.0008541320000858832,4.9411764705882355,99.99952399218907,False
105,0.00085051799987923,4.9411764705882355,99.99952399218907,False
106,0.0007984149999629153,5.3125,99.99952399218907,False
107,0.0010020090001034987,4.315789473684211,99.99952399218907,False
108,0.000853228999858402,-0.8823529411764706,99.99952399218907,False
109,0.0008490120001169998,4.9411764705882355,99.99952399218907,False
110,0.0007926929999939603,5.733333333333333,99.99952399218907,False
111,0.0012878239999736252,-0.9230769230769231,99.99952399218907,False
112,0.0015248480001446296,-7.32258064516129,99.99952399218907,False
113,0.0009923719999278546,4.315789473684211,99.99952399218907,False
114,0.0021470770000178163,-5.454545454545454,99.99952399218907,False
115,0.0017585609998604923,-3.7714285714285714,99.99952399218907,False
116,0.0007553469999947993,5.733333333333333,99.99952399218907,False
117,0.002830442000004041,-4.5,99.99952399218907,False
118,0.0008484099998895545,4.9411764705882355,99.99952399218907,False
119,0.0014748539999800414,-0.9333333333333333,99.99952399218907,False
120,0.0016703170001619583,-3.8529411764705883,99.99952399218907,False
121,0.0009462919999805308,4.315789473684211,99.99952399218907,False
122,0.0011306110000077751,3.590909090909091,99.99952399218907,False
123,0.0007541420000052312,5.733333333333333,99.99952399218907,False
124,0.0030849350000607956,-5.758064516129032,99.99952399218907,False
125,0.001094770999998218,-0.9090909090909091,99.99952399218907,False
126,0.0008011249999526626,5.3125,99.99952399218907,False
127,0.0008556380000754871,5.3125,99.99952399218907,False
128,0.0010236940001959738,4.9411764705882355,99.99952399218907,False
129,0.0009953829999176378,4.315789473684211,99.99952399218907,False
130,0.000922198000125718,4.611111111111111,99.99952399218907,False
131,0.0016923030000270955,-7.125,99.99952399218907,False
132,0.001964563999990787,-0.9459459459459459,99.99952399218907,False
133,0.0009490019999702781,-0.8947368421052632,99.99952399218907,False
134,0.001624536999997872,-3.9393939393939394,99.99952399218907,False
135,0.0008999109998057975,4.9411764705882355,99.99952399218907,False
136,0.0007583579999845824,5.733333333333333,99.99952399218907,False
137,0.0009499059999598103,-0.8947368421052632,99.99952399218907,False
138,0.0029472979999809468,-4.43859649122807,99.99952399218907,False
139,0.0016739310001412377,-3.8529411764705883,99.99952399218907,False
140,0.002059133999864571,-3.3658536585365852,99.99952399218907,False
141,0.0007514310000260593,5.733333333333333,99.99952399218907,False
142,0.0020157639999069943,-5.9,99.99952399218907,False
143,0.0008523250000962435,4.9411764705882355,99.99952399218907,False
144,0.0010517029998027283,3.8095238095238093,99.99952399218907,False
145,0.001386609000064709,2.740740740740741,99.99952399218907,False
146,0.0011411519999455777,3.391304347826087,99.99952399218907,False
147,0.0013869110000541696,-0.9259259259259259,99.99952399218907,False
148,0.0008574450000651268,4.9411764705882355,99.99952399218907,False
149,0.0011544039998625522,3.391304347826087,99.99952399218907,False
150,0.0007610689999637543,5.733333333333333,99.99952399218907,False
151,0.0019208940000225994,-0.9473684210526315,99.99952399218907,False
152,0.0008490120001169998,4.9411764705882355,99.99952399218907,False
153,0.0008996100000331353,4.611111111111111,99.99952399218907,False
154,0.0010881450000397308,3.8095238095238093,99.99952399218907,False
155,0.0008517229998687981,4.9411764705882355,99.99952399218907,False
156,0.0009935770001447963,4.05,99.99952399218907,False
157,0.00089509199983695,4.9411764705882355,99.99952399218907,False
158,0.0007999209999525192,5.3125,99.99952399218907,False
159,0.0018233129999316589,-0.9444444444444444,99.99952399218907,False
160,0.0010390530001131992,-0.9,99.99952399218907,False
161,0.001042666999865105,3.8095238095238093,99.99952399218907,False
162,0.0008490120001169998,4.9411764705882355,99.99952399218907,False
163,0.0026765420000174345,-2.7962962962962963,99.99952399218907,False
164,0.0008987060000436031,4.611111111111111,99.99952399218907,False
165,0.005098590999978114,-3.8640776699029127,99.99952399218907,False
166,0.0014281710000432213,-4.344827586206897,99.99952399218907,False
167,0.001520330999937869,-0.9333333333333333,99.99952399218907,False
168,0.002602152000008573,-4.69811320754717,99.99952399218907,False
169,0.000755948999994871,5.733333333333333,99.99952399218907,False
170,0.0008011259999420872,5.733333333333333,99.99952399218907,False
171,0.001918485000032888,-0.9487179487179487,99.99952399218907,False
172,0.0032252829998924426,-4.015384615384615,99.99952399218907,False
173,0.0017269380000470846,-0.9411764705882353,99.99952399218907,False
174,0.0008553370000754512,4.9411764705882355,99.99952399218907,False
175,0.0008911759998682101,4.9411764705882355,99.99952399218907,False
176,0.0007559499999842956,5.733333333333333,99.99952399218907,False
177,0.0009917689999383583,4.315789473684211,99.99952399218907,False
178,0.0024976439999591094,-4.8431372549019605,99.99952399218907,False
179,0.002059736000092016,-3.3658536585365852,99.99952399218907,False
180,0.0008008239999526268,5.3125,99.99952399218907,False
181,0.0009450869999909628,4.315789473684211,99.99952399218907,False
182,0.003458391999856758,-5.154929577464789,99.99952399218907,False
183,0.0008929840000746481,4.9411764705882355,99.99952399218907,False
184,0.0019558300000426243,-3.4871794871794872,99.99952399218907,False
185,0.0008068479999110423,5.3125,99.99952399218907,False
186,0.0011429589999352174,-0.9130434782608695,99.99952399218907,False
187,0.0008038359999318345,5.3125,99.99952399218907,False
188,0.0008547350000753795,4.9411764705882355,99.99952399218907,False
189,0.002003716999979588,-0.95,99.99952399218907,False
190,0.0010920610000084707,-0.9090909090909091,99.99952399218907,False
191,0.0010887469998124288,-0.9047619047619048,99.99952399218907,False
192,0.0007520340000155556,5.733333333333333,99.99952399218907,False
193,0.0009453879999909987,4.315789473684211,99.99952399218907,False
194,0.0009911669999382866,-0.9,99.99952399218907,False
195,0.0008863570001267362,4.9411764705882355,99.99952399218907,False
196,0.0009044280000125582,4.9411764705882355,99.99952399218907,False
197,0.0021997820001615764,-3.2045454545454546,99.99952399218907,False
198,0.0016308619999563234,-0.9393939393939394,99.99952399218907,False
199,0.0012929439999425085,-0.9230769230769231,99.99952399218907,False
200,0.0008932850000746839,4.9411764705882355,99.99952399218907,False
201,0.0008511200001066754,4.9411764705882355,99.99952399218907,False
202,0.0015248489999066805,-0.9354838709677419,99.99952399218907,False
203,0.0030147610000312852,-4.213114754098361,99.99952399218907,False
204,0.0010872420000396232,3.8095238095238093,99.99952399218907,False
205,0.0013504690000445407,-0.9130434782608695,99.99952399218907,False
206,0.0009487009999702423,4.315789473684211,99.99952399218907,False
207,0.0007553469999947993,5.733333333333333,99.99952399218907,False
208,0.0007541420000052312,5.733333333333333,99.99952399218907,False
209,0.0018627669999204954,-0.9473684210526315,99.99952399218907,False
210,0.000747516000046744,5.733333333333333,99.99952399218907,False
211,0.0016281519999665761,-0.9393939393939394,99.99952399218907,False
212,0.0008469040001273243,4.9411764705882355,99.99952399218907,False
213,0.0008447960001376487,4.9411764705882355,99.99952399218907,False
214,0.0010887470000398025,3.590909090909091,99.99952399218907,False
215,0.0008490119998896262,4.9411764705882355,99.99952399218907,False
216,0.0009411720000116475,4.315789473684211,99.99952399218907,False
217,0.00145648199986681,-4.464285714285714,99.99952399218907,False
218,0.0007526360000156274,5.733333333333333,99.99952399218907,False
219,0.0010920600000190461,-0.9090909090909091,99.99952399218907,False
220,0.0009411710000222229,4.611111111111111,99.99952399218907,False
221,0.0012932449999425444,-0.9230769230769231,99.99952399218907,False
222,0.0009544229999391973,4.315789473684211,99.99952399218907,False
223,0.001685074000079112,-0.9393939393939394,99.99952399218907,False
224,0.0008107629998903576,5.3125,99.99952399218907,False
225,0.0017203120000885974,-0.9411764705882353,99.99952399218907,False
226,0.0007526360000156274,5.733333333333333,99.99952399218907,False
227,0.0010914580000189744,3.590909090909091,99.99952399218907,False
228,0.0007466130000466364,5.733333333333333,99.99952399218907,False
229,0.000995081999917602,4.611111111111111,99.99952399218907,False
230,0.0007993179999630229,5.3125,99.99952399218907,False
231,0.0041116410000086034,-3.3333333333333335,99.99952399218907,False
232,0.0009444849999908911,-0.8947368421052632,99.99952399218907,False
233,0.000795704999973168,5.733333333333333,99.99952399218907,False
234,0.0008941889998368424,-0.8888888888888888,99.99952399218907,False
235,0.000755948999994871,5.733333333333333,99.99952399218907,False
236,0.0015200300001652067,-0.9333333333333333,99.99952399218907,False
237,0.0008475059999000223,4.9411764705882355,99.99952399218907,False
238,0.0007987159999629512,5.3125,99.99952399218907,False
239,0.0008993080000436748,4.611111111111111,99.99952399218907,False
240,0.00272713999993357,-2.7962962962962963,99.99952399218907,False
241,0.0011396459999559738,3.391304347826087,99.99952399218907,False
242,0.0007960059999732039,5.733333333333333,99.99952399218907,False
243,0.0008496149998791225,4.9411764705882355,99.99952399218907,False
244,0.0008993080000436748,4.611111111111111,99.99952399218907,False
245,0.0009574349999184051,4.315789473684211,99.99952399218907,False
246,0.00171549300011975,-3.7714285714285714,99.99952399218907,False
247,0.0009483999999702064,4.315789473684211,99.99952399218907,False
248,0.0026861799999551295,-2.7962962962962963,99.99952399218907,False
249,0.0009544239999286219,4.315789473684211,99.99952399218907,False
250,0.0020178729998860945,-3.4871794871794872,99.99952399218907,False
251,0.0008511210000961,4.9411764705882355,99.99952399218907,False
252,0.0027117790000374953,-4.5636363636363635,99.99952399218907,False
253,0.0008441930001481524,4.9411764705882355,99.99952399218907,False
254,0.001564603999895553,-0.9354838709677419,99.99952399218907,False
255,0.000800221999952555,5.3125,99.99952399218907,False
256,0.0013293859999521374,-0.9259259259259259,99.99952399218907,False
257,0.0014655170000423823,-0.9310344827586207,99.99952399218907,False
258,0.0008423869999205635,4.9411764705882355,99.99952399218907,False
259,0.000748721000036312,5.733333333333333,99.99952399218907,False
260,0.002496740999959002,-2.979591836734694,99.99952399218907,False
261,0.0010429689998545655,-0.9047619047619048,99.99952399218907,False
262,0.0010917590000190103,3.590909090909091,99.99952399218907,False
263,0.0008484100001169281,4.9411764705882355,99.99952399218907,False
264,0.0008469039998999506,4.9411764705882355,99.99952399218907,False
265,0.000940870000022187,4.315789473684211,99.99952399218907,False
266,0.0009863479999694391,4.315789473684211,99.99952399218907,False
267,0.0007556479999948351,5.733333333333333,99.99952399218907,False
268,0.0007538410000051954,5.733333333333333,99.99952399218907,False
269,0.0009465929999805667,4.315789473684211,99.99952399218907,False
270,0.0009863479999694391,4.315789473684211,99.99952399218907,False
271,0.001470035000011194,-10.833333333333334,99.99952399218907,False
272,0.0008282310000140569,5.733333333333333,99.99952399218907,False
273,0.002310313000180031,-3.108695652173913,99.99952399218907,False
274,0.0007562499999949068,5.733333333333333,99.99952399218907,False
275,0.0008456989999103826,5.3125,99.99952399218907,False
276,0.0019085459998677834,-0.9487179487179487,99.99952399218907,False
277,0.0013790800001061143,-0.9285714285714286,99.99952399218907,False
278,0.0009444849999908911,4.315789473684211,99.99952399218907,False
279,0.0010378489998856821,3.8095238095238093,99.99952399218907,False
280,0.0007523350000155915,5.733333333333333,99.99952399218907,False
281,0.0014706370000112656,-0.9310344827586207,99.99952399218907,False
282,0.0009396660000220436,4.315789473684211,99.99952399218907,False
283,0.0008089559999007179,5.733333333333333,99.99952399218907,False
284,0.0009896609999486827,4.315789473684211,99.99952399218907,False
285,0.0007502270000259159,5.733333333333333,99.99952399218907,False
286,0.0011387419999664417,-0.9130434782608695,99.99952399218907,False
287,0.0007535390000157349,5.733333333333333,99.99952399218907,False
288,0.0021928549999756797,-3.2045454545454546,99.99952399218907,False
289,0.00085051799987923,4.9411764705882355,99.99952399218907,False
290,0.0008020289999421948,5.733333333333333,99.99952399218907,False
291,0.0007550450000053388,5.733333333333333,99.99952399218907,False
292,0.0008065459999215818,5.3125,99.99952399218907,False
293,0.0015426180000304157,-0.9354838709677419,99.99952399218907,False
294,0.0017928950001078192,-3.6944444444444446,99.99952399218907,False
295,0.0009026210000229185,4.611111111111111,99.99952399218907,False
296,0.0010369460001129482,-0.9,99.99952399218907,False
297,0.0007511300000260235,5.733333333333333,99.99952399218907,False
298,0.0007562509999843314,5.733333333333333,99.99952399218907,False
299,0.0009520139999494859,-6.105263157894737,99.99952399218907,False
300,0.000940870000022187,4.611111111111111,99.99952399218907,False
301,0.0014299790000222856,-0.9310344827586207,99.99952399218907,False
302,0.0008438919999207428,4.9411764705882355,99.99952399218907,False
303,0.0007899820000147884,5.733333333333333,99.99952399218907,False
304,0.001472143999990294,-0.9333333333333333,99.99952399218907,False
305,0.0007511299997986498,5.733333333333333,99.99952399218907,False
306,0.0007944989999941754,5.733333333333333,99.99952399218907,False
307,0.0007996199999524833,-0.875,99.99952399218907,False
308,0.0027819530000670056,-2.7636363636363637,99.99952399218907,False
309,0.0007502270000259159,5.733333333333333,99.99952399218907,False
310,0.0007496239998090459,5.733333333333333,99.99952399218907,False
311,0.0008444940001481882,4.9411764705882355,99.99952399218907,False
312,0.001894088999961241,-0.9473684210526315,99.99952399218907,False
313,0.0008953939998264104,-0.8888888888888888,99.99952399218907,False
314,0.0007508290000259876,5.733333333333333,99.99952399218907,False
315,0.001035739999906582,4.05,99.99952399218907,False
316,0.0008444940001481882,4.9411764705882355,99.99952399218907,False
317,0.0009408710000116116,4.315789473684211,99.99952399218907,False
318,0.00161429800004953,-0.9375,99.99952399218907,False
319,0.0009580369999184768,4.611111111111111,99.99952399218907,False
320,0.0007598649999636109,5.733333333333333,99.99952399218907,False
321,0.0008556380000754871,4.9411764705882355,99.99952399218907,False
322,0.0007577559999845107,5.733333333333333,99.99952399218907,False
323,0.0030237969999689085,-4.213114754098361,99.99952399218907,False
324,0.0012926429999424727,-0.9230769230769231,99.99952399218907,False
325,0.000853228999858402,4.9411764705882355,99.99952399218907,False
326,0.0016203210000185209,-0.9375,99.99952399218907,False
327,0.0007535400000051595,5.733333333333333,99.99952399218907,False
328,0.0030126540000310342,-2.5901639344262297,99.99952399218907,False
329,0.0010008040001139307,-0.9,99.99952399218907,False
330,0.0007529380000050878,5.733333333333333,99.99952399218907,False
331,0.0007954029999837076,5.733333333333333,99.99952399218907,False
332,0.001333001000148215,-4.592592592592593,99.99952399218907,False
333,0.0008481090001168923,4.9411764705882355,99.99952399218907,False
334,0.0009896609999486827,4.05,99.99952399218907,False
335,0.0013718519999201817,-4.464285714285714,99.99952399218907,False
336,0.000748721000036312,5.733333333333333,99.99952399218907,False
337,0.0007448060000569967,5.733333333333333,99.99952399218907,False
338,0.0008923809998577781,4.9411764705882355,99.99952399218907,False
339,0.0008466030001272884,4.9411764705882355,99.99952399218907,False
340,0.0007484200000362762,5.733333333333333,99.99952399218907,False
341,0.0007481180000468157,5.733333333333333,99.99952399218907,False
342,0.0008562400000755588,5.733333333333333,99.99952399218907,False
343,0.0007547449999947276,5.733333333333333,99.99952399218907,False
344,0.0010911570000189386,-0.9090909090909091,99.99952399218907,False
345,0.0008950920000643237,4.9411764705882355,99.99952399218907,False
346,0.0008466029998999147,4.9411764705882355,99.99952399218907,False
347,0.00089569500005382,4.611111111111111,99.99952399218907,False
348,0.0007589609999740787,5.733333333333333,99.99952399218907,False
349,0.0008080529999006103,5.733333333333333,99.99952399218907,False
350,0.0013013769998906355,-0.9230769230769231,99.99952399218907,False
351,0.0013317950001692225,-0.9259259259259259,99.99952399218907,False
352,0.0008872610001162684,4.9411764705882355,99.99952399218907,False
353,0.000748721000036312,5.733333333333333,99.99952399218907,False
354,0.001665497999965737,-3.8529411764705883,99.99952399218907,False
355,0.0009429790000012872,4.9411764705882355,99.99952399218907,False
356,0.0007541419997778576,5.733333333333333,99.99952399218907,False
357,0.000752637000005052,5.733333333333333,99.99952399218907,False
358,0.0007490220000363479,5.733333333333333,99.99952399218907,False
359,0.0009375570000429434,4.611111111111111,99.99952399218907,False
360,0.0009899619999487186,-0.9,99.99952399218907,False
361,0.0026196199999048986,-2.830188679245283,99.99952399218907,False
362,0.0007508290000259876,5.733333333333333,99.99952399218907,False
363,0.0008441929999207787,4.9411764705882355,99.99952399218907,False
364,0.0012260839998816664,-0.9166666666666666,99.99952399218907,False
365,0.0007532390000051237,5.733333333333333,99.99952399218907,False
366,0.0007484200000362762,5.733333333333333,99.99952399218907,False
367,0.0007963059999838151,5.3125,99.99952399218907,False
368,0.0009303289998570108,4.9411764705882355,99.99952399218907,False
369,0.0008526270000857039,4.9411764705882355,99.99952399218907,False
370,0.0007526360000156274,5.733333333333333,99.99952399218907,False
371,0.0007987160001903248,-0.875,99.99952399218907,False
372,0.00353157800009285,-0.9722222222222222,99.99952399218907,False
373,0.0007969089999733114,5.733333333333333,99.99952399218907,False
374,0.0009032240000124148,4.611111111111111,99.99952399218907,False
375,0.0007523350000155915,5.733333333333333,99.99952399218907,False
376,0.0008502169998791942,4.9411764705882355,99.99952399218907,False
377,0.0007941979999941395,5.733333333333333,99.99952399218907,False
378,0.0007535390000157349,5.733333333333333,99.99952399218907,False
379,0.0007499260000258801,5.733333333333333,99.99952399218907,False
380,0.0008496149998791225,-0.8823529411764706,99.99952399218907,False
381,0.001527257999896392,-0.9333333333333333,99.99952399218907,False
382,0.002107622000039555,-0.9534883720930233,99.99952399218907,False
383,0.0016588720000072499,-3.9393939393939394,99.99952399218907,False
384,0.0007514310000260593,5.733333333333333,99.99952399218907,False
385,0.0007511310000154481,5.733333333333333,99.99952399218907,False
386,0.0019973920000211365,-0.95,99.99952399218907,False
387,0.0007493230000363837,5.733333333333333,99.99952399218907,False
388,0.0007505290000153764,5.733333333333333,99.99952399218907,False
389,0.0009387619998051377,4.611111111111111,99.99952399218907,False
390,0.0014784679999593209,-0.9333333333333333,99.99952399218907,False
391,0.000809258000117552,5.733333333333333,99.99952399218907,False
392,0.0007938979999835283,5.733333333333333,99.99952399218907,False
393,0.0007526360000156274,5.733333333333333,99.99952399218907,False
394,0.0014308830000118178,-4.344827586206897,99.99952399218907,False
395,0.0008785279999301565,4.9411764705882355,99.99952399218907,False
396,0.0008463019998998789,4.9411764705882355,99.99952399218907,False
397,0.0007478170000467799,5.733333333333333,99.99952399218907,False
398,0.0007514319997881103,5.733333333333333,99.99952399218907,False
399,0.0024982460001865547,-2.94,99.99952399218907,False
400,0.0007538410000051954,5.733333333333333,99.99952399218907,False
401,0.0008514220000961359,4.9411764705882355,99.99952399218907,False
402,0.0007999209999525192,5.3125,99.99952399218907,False
403,0.0007508290000259876,5.733333333333333,99.99952399218907,False
404,0.0015820720000192523,-0.9354838709677419,99.99952399218907,False
405,0.0007920900000044639,5.733333333333333,99.99952399218907,False
406,0.002244054000129836,-5.260869565217392,99.99952399218907,False
407,0.0007917890000044281,5.733333333333333,99.99952399218907,False
408,0.0011342249999870546,-0.9130434782608695,99.99952399218907,False
409,0.0008923809998577781,4.611111111111111,99.99952399218907,False
410,0.0007478170000467799,5.733333333333333,99.99952399218907,False
411,0.0008390729999518953,5.3125,99.99952399218907,False
412,0.0008956940000643954,4.611111111111111,99.99952399218907,False
413,0.000748721000036312,5.733333333333333,99.99952399218907,False
414,0.0007508300000154122,5.733333333333333,99.99952399218907,False
415,0.003207513999996081,-2.515625,99.99952399218907,False
416,0.0019076429998676758,-0.9473684210526315,99.99952399218907,False
417,0.0007520340000155556,5.733333333333333,99.99952399218907,False
418,0.0007529370000156632,5.733333333333333,99.99952399218907,False
419,0.0009414720000222587,4.611111111111111,99.99952399218907,False
420,0.0009444849999908911,-0.8947368421052632,99.99952399218907,False
421,0.0007975110002007568,5.3125,99.99952399218907,False
422,0.000844194000137577,4.9411764705882355,99.99952399218907,False
423,0.0008029319999423024,5.733333333333333,99.99952399218907,False
424,0.0008059439999215101,5.3125,99.99952399218907,False
425,0.000802932999931727,-0.875,99.99952399218907,False
426,0.0008514220000961359,4.9411764705882355,99.99952399218907,False
427,0.0008026319999316911,-0.875,99.99952399218907,False
428,0.0009977929998967738,-0.8947368421052632,99.99952399218907,False
429,0.0013811890000852145,-0.9285714285714286,99.99952399218907,False
430,0.0011806059999344143,-0.9130434782608695,99.99952399218907,False
431,0.0008089559999007179,5.3125,99.99952399218907,False
432,0.0007535400000051595,5.733333333333333,99.99952399218907,False
433,0.0016194170000289887,-0.9375,99.99952399218907,False
434,0.000848107999900094,4.9411764705882355,99.99952399218907,False
435,0.0007538400000157708,5.733333333333333,99.99952399218907,False
436,0.0009402680000221153,-0.8888888888888888,99.99952399218907,False
437,0.0017166969998925197,-0.9428571428571428,99.99952399218907,False
438,0.0007496250000258442,5.733333333333333,99.99952399218907,False
439,0.0008938880000641802,4.9411764705882355,99.99952399218907,False
440,0.0015820720000192523,-0.9354838709677419,99.99952399218907,False
441,0.0008968990000539634,4.611111111111111,99.99952399218907,False
442,0.0008896700001059799,4.9411764705882355,99.99952399218907,False
443,0.0007517319997987215,5.733333333333333,99.99952399218907,False
444,0.001772716000004948,-0.9444444444444444,99.99952399218907,False
445,0.0018127719999938563,-3.6944444444444446,99.99952399218907,False
446,0.0015799640000295767,-0.9375,99.99952399218907,False
447,0.0007755259998702968,5.733333333333333,99.99952399218907,False
448,0.0009547239999392332,4.315789473684211,99.99952399218907,False
449,0.0007616719999532506,5.733333333333333,99.99952399218907,False
450,0.0007556479999948351,5.733333333333333,99.99952399218907,False
451,0.0019202920000225276,-6.297297297297297,99.99952399218907,False
452,0.0009008150000227033,4.611111111111111,99.99952399218907,False
453,0.0018627669999204954,-0.9459459459459459,99.99952399218907,False
454,0.0007505280000259518,5.733333333333333,99.99952399218907,False
455,0.0014745520002179546,-0.9333333333333333,99.99952399218907,False
456,0.0007923910000044998,5.733333333333333,99.99952399218907,False
457,0.0008469040001273243,4.9411764705882355,99.99952399218907,False
458,0.0008457000001271808,4.9411764705882355,99.99952399218907,False
459,0.0007535400000051595,5.733333333333333,99.99952399218907,False
460,0.0007914880000043922,5.733333333333333,99.99952399218907,False
461,0.0009447859999909269,-0.8947368421052632,99.99952399218907,False
462,0.003465319000042655,-3.8405797101449277,99.99952399218907,False
463,0.0007526360000156274,5.733333333333333,99.99952399218907,False
464,0.0007535400000051595,5.733333333333333,99.99952399218907,False
465,0.0008935860000747198,4.9411764705882355,99.99952399218907,False
466,0.0007523350000155915,5.733333333333333,99.99952399218907,False
467,0.000755948999994871,5.733333333333333,99.99952399218907,False
468,0.0007993189999524475,5.3125,99.99952399218907,False
469,0.0007951019999836717,5.733333333333333,99.99952399218907,False
470,0.0008499150001171074,4.9411764705882355,99.99952399218907,False
471,0.000754744000005303,5.733333333333333,99.99952399218907,False
472,0.0008469040001273243,4.9411764705882355,99.99952399218907,False
473,0.0007978130001902173,5.733333333333333,99.99952399218907,False
474,0.0007607679999637185,5.733333333333333,99.99952399218907,False
475,0.0007556479999948351,5.733333333333333,99.99952399218907,False
476,0.0008535300000858115,4.9411764705882355,99.99952399218907,False
477,0.0008508190001066396,5.733333333333333,99.99952399218907,False
478,0.0008535300000858115,4.9411764705882355,99.99952399218907,False
479,0.0007508290000259876,5.733333333333333,99.99952399218907,False
480,0.0009941789999174944,-0.9,99.99952399218907,False
481,0.0007920900000044639,5.733333333333333,99.99952399218907,False
482,0.0008914779998576705,-0.8888888888888888,99.99952399218907,False
483,0.0007502270000259159,5.733333333333333,99.99952399218907,False
484,0.000747516000046744,5.733333333333333,99.99952399218907,False
485,0.002774724999881073,-2.7017543859649122,99.99952399218907,False
486,0.0007496240000364196,5.733333333333333,99.99952399218907,False
487,0.0007496250000258442,5.733333333333333,99.99952399218907,False
488,0.0007493229998090101,5.733333333333333,99.99952399218907,False
489,0.0007993179999630229,5.3125,99.99952399218907,False
490,0.000940870000022187,4.315789473684211,99.99952399218907,False
491,0.0008526260000962793,4.9411764705882355,99.99952399218907,False
492,0.0008450969999103108,4.9411764705882355,99.99952399218907,False
493,0.0010396560001026955,-5.619047619047619,99.99952399218907,False
494,0.0008917789998577064,4.9411764705882355,99.99952399218907,False
495,0.001038753000102588,-0.9047619047619048,99.99952399218907,False
496,0.0007987159999629512,5.3125,99.99952399218907,False
497,0.0009550259999286936,4.315789473684211,99.99952399218907,False
498,0.0008472049998999864,4.9411764705882355,99.99952399218907,False
499,0.000754744000005303,5.733333333333333,99.99952399218907,False
500,0.0008523259998582944,4.9411764705882355,99.99952399218907,False
501,0.0007987170001797494,5.733333333333333,99.99952399218907,False
502,0.0014299790000222856,-0.9310344827586207,99.99952399218907,False
503,0.0020139569999173546,-0.9487179487179487,99.99952399218907,False
504,0.0007511300000260235,5.733333333333333,99.99952399218907,False
505,0.0007541420000052312,5.733333333333333,99.99952399218907,False
506,0.0007523350000155915,5.733333333333333,99.99952399218907,False
507,0.0015757480000502255,-0.9354838709677419,99.99952399218907,False
508,0.0014760580002075585,-0.9333333333333333,99.99952399218907,False
509,0.0007496249997984705,5.733333333333333,99.99952399218907,False
510,0.0007978129999628436,5.733333333333333,99.99952399218907,False
511,0.0007586599999740429,5.733333333333333,99.99952399218907,False
512,0.0007538410000051954,5.733333333333333,99.99952399218907,False
513,0.0007502270000259159,5.733333333333333,99.99952399218907,False
514,0.0007905850000042847,5.733333333333333,99.99952399218907,False
515,0.0007496250000258442,5.733333333333333,99.99952399218907,False
516,0.003277085000036095,-0.9692307692307692,99.99952399218907,False
517,0.0007502270000259159,5.733333333333333,99.99952399218907,False
518,0.0007523360000050161,5.733333333333333,99.99952399218907,False
519,0.0007511310000154481,5.733333333333333,99.99952399218907,False
520,0.0008902739998575271,4.611111111111111,99.99952399218907,False
521,0.001038753000102588,-0.9047619047619048,99.99952399218907,False
522,0.000844194000137577,4.9411764705882355,99.99952399218907,False
523,0.0007969089999733114,5.733333333333333,99.99952399218907,False
524,0.0008523249998688698,4.9411764705882355,99.99952399218907,False
525,0.0012366250000468426,-0.92,99.99952399218907,False
526,0.0007499260000258801,5.733333333333333,99.99952399218907,False
527,0.0007493229998090101,5.733333333333333,99.99952399218907,False
528,0.000899007000043639,-0.8888888888888888,99.99952399218907,False
529,0.002310914999952729,-0.9523809523809523,99.99952399218907,False
530,0.0007511310000154481,5.733333333333333,99.99952399218907,False
531,0.0008466029998999147,4.9411764705882355,99.99952399218907,False
532,0.0007478180000362045,5.733333333333333,99.99952399218907,False
533,0.0008872609998888947,4.9411764705882355,99.99952399218907,False
534,0.0008962970000538917,4.611111111111111,99.99952399218907,False
535,0.0008441939999102033,4.9411764705882355,99.99952399218907,False
536,0.000745106000067608,5.733333333333333,99.99952399218907,False
537,0.0007911870000043564,5.733333333333333,99.99952399218907,False
538,0.000750828999798614,5.733333333333333,99.99952399218907,False
539,0.0007481190000362403,5.733333333333333,99.99952399218907,False
540,0.0008923820000745764,4.611111111111111,99.99952399218907,False
541,0.0007493240000258083,5.733333333333333,99.99952399218907,False
542,0.0008460010001272167,4.9411764705882355,99.99952399218907,False
543,0.000807449999911114,5.733333333333333,99.99952399218907,False
544,0.0007496240000364196,5.733333333333333,99.99952399218907,False
545,0.0007550459999947634,5.733333333333333,99.99952399218907,False
546,0.000752637000005052,5.733333333333333,99.99952399218907,False
547,0.0007493229998090101,5.733333333333333,99.99952399218907,False
548,0.0012839089999943099,-0.92,99.99952399218907,False
549,0.002652748999935284,-2.7962962962962963,99.99952399218907,False
550,0.0008923810000851518,4.9411764705882355,99.99952399218907,False
551,0.000757153999984439,5.733333333333333,99.99952399218907,False
552,0.0007526360000156274,5.733333333333333,99.99952399218907,False
553,0.0008014269999421231,5.3125,99.99952399218907,False
554,0.0007917890000044281,5.733333333333333,99.99952399218907,False
555,0.001431183000022429,-0.9310344827586207,99.99952399218907,False
556,0.0016245379999872966,-4.03125,99.99952399218907,False
557,0.00085051799987923,4.9411764705882355,99.99952399218907,False
558,0.0012830050000047777,-0.9230769230769231,99.99952399218907,False
559,0.0008941880000747915,4.611111111111111,99.99952399218907,False
560,0.0007917890000044281,5.733333333333333,99.99952399218907,False
561,0.000748721000036312,5.733333333333333,99.99952399218907,False
562,0.0007520340000155556,5.733333333333333,99.99952399218907,False
563,0.0008478080001168564,4.9411764705882355,99.99952399218907,False
564,0.0013733580001371593,-4.592592592592593,99.99952399218907,False
565,0.0007954029999837076,5.3125,99.99952399218907,False
566,0.0008493139998790866,4.9411764705882355,99.99952399218907,False
567,0.0007941979999941395,5.733333333333333,99.99952399218907,False
568,0.0007514310000260593,5.733333333333333,99.99952399218907,False
569,0.0010095379998347198,5.733333333333333,99.99952399218907,False
570,0.0012312029998611251,5.733333333333333,99.99952399218907,False
571,0.0012580080001498573,5.733333333333333,99.99952399218907,False
572,0.0007975119999628077,5.733333333333333,99.99952399218907,False
573,0.0011426579999351816,-0.9090909090909091,99.99952399218907,False
574,0.0007580579999739712,5.733333333333333,99.99952399218907,False
575,0.0015233429999170767,-4.129032258064516,99.99952399218907,False
576,0.0007911870000043564,5.733333333333333,99.99952399218907,False
577,0.0007520340000155556,5.733333333333333,99.99952399218907,False
578,0.000939968000011504,-0.8947368421052632,99.99952399218907,False
579,0.0009426780000012513,-0.8947368421052632,99.99952399218907,False
580,0.0009366549998048868,4.611111111111111,99.99952399218907,False
581,0.0007484200000362762,5.733333333333333,99.99952399218907,False
582,0.000755948999994871,5.733333333333333,99.99952399218907,False
583,0.002381690999982311,-0.9583333333333334,99.99952399218907,False
584,0.0008490120001169998,4.9411764705882355,99.99952399218907,False
585,0.0009423770000012155,4.315789473684211,99.99952399218907,False
586,0.0007914870000149676,5.733333333333333,99.99952399218907,False
587,0.00247686300008354,-0.9607843137254902,99.99952399218907,False
588,0.0034403219999603607,-0.9714285714285714,99.99952399218907,False
589,0.0013194480000038311,-0.9230769230769231,99.99952399218907,False
590,0.0008300380000036967,5.733333333333333,99.99952399218907,False
591,0.003398457999992388,-0.9705882352941176,99.99952399218907,False
592,0.0007526360000156274,5.733333333333333,99.99952399218907,False
593,0.0009968889999072417,-0.9,99.99952399218907,False
594,0.0007917890000044281,5.733333333333333,99.99952399218907,False
595,0.0009429790000012872,4.315789473684211,99.99952399218907,False
596,0.0008450969999103108,4.9411764705882355,99.99952399218907,False
597,0.0007484200000362762,5.733333333333333,99.99952399218907,False
598,0.0007966079999732756,5.733333333333333,99.99952399218907,False
599,0.0008547339998585812,4.9411764705882355,99.99952399218907,False
600,0.0020564230001127726,-3.3095238095238093,99.99952399218907,False
601,0.0016465240000798076,-0.9310344827586207,99.99952399218907,False
602,0.0010041169998658006,5.733333333333333,99.99952399218907,False
603,0.0010188749999997526,4.9411764705882355,99.99952399218907,False
604,0.000807449999911114,5.733333333333333,99.99952399218907,False
605,0.0007493240000258083,5.733333333333333,99.99952399218907,False
606,0.0007526360000156274,5.733333333333333,99.99952399218907,False
607,0.000787272000025041,5.733333333333333,99.99952399218907,False
608,0.0007490219998089742,5.733333333333333,99.99952399218907,False
609,0.0007484200000362762,5.733333333333333,99.99952399218907,False
610,0.0008932850000746839,4.611111111111111,99.99952399218907,False
611,0.0007923910000044998,5.733333333333333,99.99952399218907,False
612,0.001036042000123416,-0.9047619047619048,99.99952399218907,False
613,0.0007484190000468516,5.733333333333333,99.99952399218907,False
614,0.0010357409998960065,-0.9047619047619048,99.99952399218907,False
615,0.0008047399999213667,5.733333333333333,99.99952399218907,False
616,0.0007508300000154122,5.733333333333333,99.99952399218907,False
617,0.0007481190000362403,5.733333333333333,99.99952399218907,False
618,0.0007984149999629153,5.3125,99.99952399218907,False
619,0.000748721000036312,5.733333333333333,99.99952399218907,False
620,0.0007526360000156274,5.733333333333333,99.99952399218907,False
621,0.0015149100001963234,-0.9354838709677419,99.99952399218907,False
622,0.0008908760000849725,4.9411764705882355,99.99952399218907,False
623,0.0007517330000155198,5.733333333333333,99.99952399218907,False
624,0.0007562509999843314,5.733333333333333,99.99952399218907,False
625,0.0010655569999471481,-0.9047619047619048,99.99952399218907,False
626,0.0014212450000741228,-0.9310344827586207,99.99952399218907,False
627,0.0007923910000044998,5.3125,99.99952399218907,False
628,0.0009857459999693674,-0.9,99.99952399218907,False
629,0.0007532390000051237,5.733333333333333,99.99952399218907,False
630,0.0007451070000570326,5.733333333333333,99.99952399218907,False
631,0.000889369000105944,4.611111111111111,99.99952399218907,False
632,0.0007529369997882895,5.733333333333333,99.99952399218907,False
633,0.0007436010000674287,5.733333333333333,99.99952399218907,False
634,0.0008453979999103467,4.9411764705882355,99.99952399218907,False
635,0.0007481190000362403,5.733333333333333,99.99952399218907,False
636,0.0007788379998601158,5.733333333333333,99.99952399218907,False
637,0.0015152109999689856,-0.9354838709677419,99.99952399218907,False
638,0.0013694429999304703,-4.464285714285714,99.99952399218907,False
639,0.0017468149999331217,-0.9428571428571428,99.99952399218907,False
640,0.0008429879999312107,4.9411764705882355,99.99952399218907,False
641,0.0011336219999975583,-0.9090909090909091,99.99952399218907,False
642,0.0007902830000148242,5.733333333333333,99.99952399218907,False
643,0.0007499260000258801,5.733333333333333,99.99952399218907,False
644,0.0007508290000259876,5.733333333333333,99.99952399218907,False
645,0.0007484200000362762,5.733333333333333,99.99952399218907,False
646,0.0016371869999147748,-3.9393939393939394,99.99952399218907,False
647,0.0007469130000572477,5.733333333333333,99.99952399218907,False
648,0.0007532390000051237,5.733333333333333,99.99952399218907,False
649,0.000947195999970063,4.611111111111111,99.99952399218907,False
650,0.0007544430000052671,5.733333333333333,99.99952399218907,False
651,0.0009450869999909628,4.315789473684211,99.99952399218907,False
652,0.002477765999856274,-0.96,99.99952399218907,False
653,0.0007508290000259876,5.733333333333333,99.99952399218907,False
654,0.0010032140000930667,-0.8947368421052632,99.99952399218907,False
655,0.0007526359997882537,5.733333333333333,99.99952399218907,False
656,0.0007502270000259159,5.733333333333333,99.99952399218907,False
657,0.002144968000038716,-0.9534883720930233,99.99952399218907,False
658,0.0013257719999728579,-0.9259259259259259,99.99952399218907,False
659,0.0007496240000364196,5.733333333333333,99.99952399218907,False
660,0.0013239649999832181,-0.9230769230769231,99.99952399218907,False
661,0.0007941980002215132,5.3125,99.99952399218907,False
662,0.0008438920001481165,4.9411764705882355,99.99952399218907,False
663,0.0008493139998790866,4.9411764705882355,99.99952399218907,False
664,0.0007981129999734549,5.733333333333333,99.99952399218907,False
665,0.0007550450000053388,5.733333333333333,99.99952399218907,False
666,0.0007502270000259159,5.733333333333333,99.99952399218907,False
667,0.0009041270000125223,4.9411764705882355,99.99952399218907,False
668,0.0019507099998463673,-3.4871794871794872,99.99952399218907,False
669,0.0007508290000259876,5.733333333333333,99.99952399218907,False
670,0.0008441929999207787,4.9411764705882355,99.99952399218907,False
671,0.0007944989999941754,5.733333333333333,99.99952399218907,False
672,0.0007493230000363837,5.733333333333333,99.99952399218907,False
673,0.000755948999994871,5.733333333333333,99.99952399218907,False
674,0.0009020190000228467,-0.8888888888888888,99.99952399218907,False
675,0.0009598450001249148,4.315789473684211,99.99952399218907,False
676,0.0007517330000155198,5.733333333333333,99.99952399218907,False
677,0.0007523350000155915,5.733333333333333,99.99952399218907,False
678,0.0035975350001535844,-3.7222222222222223,99.99952399218907,False
679,0.0007496240000364196,5.733333333333333,99.99952399218907,False
680,0.0007957039999837434,5.733333333333333,99.99952399218907,False
681,0.0007538410000051954,5.733333333333333,99.99952399218907,False
682,0.0009926719999384659,4.05,99.99952399218907,False
683,0.000748721000036312,5.733333333333333,99.99952399218907,False
684,0.0007508290000259876,5.733333333333333,99.99952399218907,False
685,0.0007517330000155198,5.733333333333333,99.99952399218907,False
686,0.0007505280000259518,5.733333333333333,99.99952399218907,False
687,0.0007487209998089384,5.733333333333333,99.99952399218907,False
688,0.0007490220000363479,5.733333333333333,99.99952399218907,False
689,0.0008456989999103826,4.9411764705882355,99.99952399218907,False
690,0.0007496250000258442,5.733333333333333,99.99952399218907,False
691,0.0007999209999525192,5.3125,99.99952399218907,False
692,0.0007490220000363479,5.733333333333333,99.99952399218907,False
693,0.0007496250000258442,5.733333333333333,99.99952399218907,False
694,0.0008204010000554263,5.733333333333333,99.99952399218907,False
695,0.0008929840000746481,4.9411764705882355,99.99952399218907,False
696,0.0008965980000539275,-0.8888888888888888,99.99952399218907,False
697,0.0007529380000050878,5.733333333333333,99.99952399218907,False
698,0.0007550459999947634,5.733333333333333,99.99952399218907,False
699,0.0025307729999894946,-0.9607843137254902,99.99952399218907,False
700,0.0007553469999947993,5.733333333333333,99.99952399218907,False
701,0.0007550450000053388,5.733333333333333,99.99952399218907,False
702,0.0008478070001274318,4.9411764705882355,99.99952399218907,False
703,0.0008996100000331353,-0.8888888888888888,99.99952399218907,False
704,0.0007996199999524833,5.3125,99.99952399218907,False
705,0.0007914870000149676,5.733333333333333,99.99952399218907,False
706,0.0008005229999525909,-0.875,99.99952399218907,False
707,0.0008083540001280198,5.733333333333333,99.99952399218907,False
708,0.0016600760000073933,-0.9393939393939394,99.99952399218907,False
709,0.0008965979998265539,4.611111111111111,99.99952399218907,False
710,0.0007496240000364196,5.733333333333333,99.99952399218907,False
711,0.0007490230000257725,5.733333333333333,99.99952399218907,False
712,0.003570730999854277,-0.9726027397260274,99.99952399218907,False
713,0.0008463020001272525,4.9411764705882355,99.99952399218907,False
714,0.0015164160001859273,-4.129032258064516,99.99952399218907,False
715,0.0008444949999102391,4.9411764705882355,99.99952399218907,False
716,0.0007499260000258801,5.733333333333333,99.99952399218907,False
717,0.0007586599999740429,5.733333333333333,99.99952399218907,False
718,0.0008059440001488838,5.733333333333333,99.99952399218907,False
719,0.0007490219998089742,5.733333333333333,99.99952399218907,False
720,0.0007478180000362045,5.733333333333333,99.99952399218907,False
721,0.0037655910000466974,-0.974025974025974,99.99952399218907,False
722,0.0007821520000561577,5.733333333333333,99.99952399218907,False
723,0.0007520340000155556,5.733333333333333,99.99952399218907,False
724,0.0013348069999210566,-0.9259259259259259,99.99952399218907,False
725,0.0007954029999837076,5.733333333333333,99.99952399218907,False
726,0.0007499260000258801,5.733333333333333,99.99952399218907,False
727,0.0007517319997987215,5.733333333333333,99.99952399218907,False
728,0.0007520340000155556,5.733333333333333,99.99952399218907,False
729,0.0014739509999799338,-0.9310344827586207,99.99952399218907,False
730,0.0008541320000858832,4.9411764705882355,99.99952399218907,False
731,0.000754744000005303,5.733333333333333,99.99952399218907,False
732,0.0007948009999836358,5.733333333333333,99.99952399218907,False
733,0.003360209999982544,-5.27536231884058,99.99952399218907,False
734,0.0008456989999103826,5.3125,99.99952399218907,False
735,0.0007487200000468874,5.733333333333333,99.99952399218907,False
736,0.0007526360000156274,5.733333333333333,99.99952399218907,False
737,0.0007520340000155556,5.733333333333333,99.99952399218907,False
738,0.0007963069999732397,5.733333333333333,99.99952399218907,False
739,0.0010926630000085424,-0.9090909090909091,99.99952399218907,False
740,0.0007520340000155556,5.733333333333333,99.99952399218907,False
741,0.0007517330000155198,5.733333333333333,99.99952399218907,False
742,0.0008577470000545873,5.3125,99.99952399218907,False
743,0.0007999210001798929,5.3125,99.99952399218907,False
744,0.000752033999788182,5.733333333333333,99.99952399218907,False
745,0.0007869700000355806,5.733333333333333,99.99952399218907,False
746,0.0007966079999732756,5.3125,99.99952399218907,False
747,0.0007526360000156274,5.733333333333333,99.99952399218907,False
748,0.0007544430000052671,5.733333333333333,99.99952399218907,False
749,0.0007773330000873102,5.733333333333333,99.99952399218907,False
750,0.0008514210001067113,4.9411764705882355,99.99952399218907,False
751,0.0007580580002013448,5.733333333333333,99.99952399218907,False
752,0.0008017280001695326,-0.875,99.99952399218907,False
753,0.000843590999920707,5.3125,99.99952399218907,False
754,0.0007499260000258801,5.733333333333333,99.99952399218907,False
755,0.0022410419999232545,-3.108695652173913,99.99952399218907,False
756,0.0008456989999103826,5.733333333333333,99.99952399218907,False
757,0.0007475170000361686,5.733333333333333,99.99952399218907,False
758,0.0007484200000362762,5.733333333333333,99.99952399218907,False
759,0.0013703460001579515,-0.9259259259259259,99.99952399218907,False
760,0.0009914679999383225,4.05,99.99952399218907,False
761,0.0007499260000258801,5.733333333333333,99.99952399218907,False
762,0.0007496249997984705,5.733333333333333,99.99952399218907,False
763,0.0007923910000044998,5.733333333333333,99.99952399218907,False
764,0.0008011249999526626,5.3125,99.99952399218907,False
765,0.0008496150001064962,4.9411764705882355,99.99952399218907,False
766,0.0007493239997984347,5.733333333333333,99.99952399218907,False
767,0.000837868000189701,5.3125,99.99952399218907,False
768,0.0007466120000572118,5.733333333333333,99.99952399218907,False
769,0.0007505280000259518,5.733333333333333,99.99952399218907,False
770,0.0007490220000363479,5.733333333333333,99.99952399218907,False
771,0.001414618999888262,-0.9259259259259259,99.99952399218907,False
772,0.006184327000028134,-0.984251968503937,99.99952399218907,False
773,0.0008941880000747915,4.9411764705882355,99.99952399218907,False
774,0.0007577559999845107,5.733333333333333,99.99952399218907,False
775,0.0007556479999948351,5.733333333333333,99.99952399218907,False
776,0.0007496240000364196,5.733333333333333,99.99952399218907,False
777,0.003391230000033829,-0.9710144927536232,99.99952399218907,False
778,0.0008276290000139852,5.733333333333333,99.99952399218907,False
779,0.0007553469999947993,5.733333333333333,99.99952399218907,False
780,0.0007514309997986857,5.733333333333333,99.99952399218907,False
781,0.0015296680001029017,-0.9354838709677419,99.99952399218907,False
782,0.0007577559999845107,5.733333333333333,99.99952399218907,False
783,0.0008496149998791225,4.9411764705882355,99.99952399218907,False
784,0.0010402580001027673,-0.9047619047619048,99.99952399218907,False
785,0.00243951799984643,-0.9591836734693877,99.99952399218907,False
786,0.0007523350000155915,5.733333333333333,99.99952399218907,False
787,0.0020058249999692634,-3.425,99.99952399218907,False
788,0.0008026309999422665,5.3125,99.99952399218907,False
789,0.0007517320000260952,5.733333333333333,99.99952399218907,False
790,0.0007990179999524116,5.733333333333333,99.99952399218907,False
791,0.0007496240000364196,5.733333333333333,99.99952399218907,False
792,0.0007520340000155556,5.733333333333333,99.99952399218907,False
793,0.0007511300000260235,5.733333333333333,99.99952399218907,False
794,0.0008911770000850083,4.9411764705882355,99.99952399218907,False
795,0.0007481190000362403,5.733333333333333,99.99952399218907,False
796,0.0007496250000258442,5.733333333333333,99.99952399218907,False
797,0.0007493230000363837,5.733333333333333,99.99952399218907,False
798,0.000798415000190289,5.733333333333333,99.99952399218907,False
799,0.0007592619999741146,5.733333333333333,99.99952399218907,False
800,0.0008532279998689773,4.9411764705882355,99.99952399218907,False
801,0.0007547449999947276,5.733333333333333,99.99952399218907,False
802,0.0007969089999733114,5.733333333333333,99.99952399218907,False
803,0.0008011259999420872,5.3125,99.99952399218907,False
804,0.0007472150000467082,5.733333333333333,99.99952399218907,False
805,0.0008559389998481493,5.3125,99.99952399218907,False
806,0.0022850140001082764,-3.108695652173913,99.99952399218907,False
807,0.0007517330000155198,5.733333333333333,99.99952399218907,False
808,0.0007484200000362762,5.733333333333333,99.99952399218907,False
809,0.0007926920000045357,5.733333333333333,99.99952399218907,False
810,0.0007499260000258801,5.733333333333333,99.99952399218907,False
811,0.0007529370000156632,5.733333333333333,99.99952399218907,False
812,0.000747516000046744,5.733333333333333,99.99952399218907,False
813,0.0008869600001162325,4.9411764705882355,99.99952399218907,False
814,0.0007499250000364555,5.733333333333333,99.99952399218907,False
815,0.0007493230000363837,5.733333333333333,99.99952399218907,False
816,0.0007454080000570684,5.733333333333333,99.99952399218907,False
817,0.0007941989999835641,5.733333333333333,99.99952399218907,False
818,0.0007496250000258442,5.733333333333333,99.99952399218907,False
819,0.0008008239999526268,5.733333333333333,99.99952399218907,False
820,0.0014221480000742304,-0.9285714285714286,99.99952399218907,False
821,0.0007541420000052312,5.733333333333333,99.99952399218907,False
822,0.0011010959999566694,-0.9090909090909091,99.99952399218907,False
823,0.0007577559999845107,5.733333333333333,99.99952399218907,False
824,0.0008032339999317628,5.733333333333333,99.99952399218907,False
825,0.0007589609999740787,5.733333333333333,99.99952399218907,False
826,0.0015347869998549868,-0.9354838709677419,99.99952399218907,False
827,0.0007963069999732397,5.733333333333333,99.99952399218907,False
828,0.0008017280001695326,5.3125,99.99952399218907,False
829,0.0007511300000260235,5.733333333333333,99.99952399218907,False
830,0.000755948999994871,5.733333333333333,99.99952399218907,False
831,0.0008884660001058364,4.9411764705882355,99.99952399218907,False
832,0.0008496149998791225,4.9411764705882355,99.99952399218907,False
833,0.0008089549999112933,5.733333333333333,99.99952399218907,False
834,0.0008511210000961,4.9411764705882355,99.99952399218907,False
835,0.0009417740000117192,4.611111111111111,99.99952399218907,False
836,0.0007529370000156632,5.733333333333333,99.99952399218907,False
837,0.0007541429999946558,5.733333333333333,99.99952399218907,False
838,0.0007508290000259876,5.733333333333333,99.99952399218907,False
839,0.0021916499999861117,-0.9545454545454546,99.99952399218907,False
840,0.0007526360000156274,5.733333333333333,99.99952399218907,False
841,0.0007830549998288916,5.733333333333333,99.99952399218907,False
842,0.0007511300000260235,5.733333333333333,99.99952399218907,False
843,0.0007535400000051595,5.733333333333333,99.99952399218907,False
844,0.0007496240000364196,5.733333333333333,99.99952399218907,False
845,0.0007505280000259518,5.733333333333333,99.99952399218907,False
846,0.0007523360000050161,5.733333333333333,99.99952399218907,False
847,0.0008228100000451377,5.733333333333333,99.99952399218907,False
848,0.0007556479999948351,5.733333333333333,99.99952399218907,False
849,0.0007628759999533941,5.733333333333333,99.99952399218907,False
850,0.0007556479999948351,5.733333333333333,99.99952399218907,False
851,0.0007568529999844031,5.733333333333333,99.99952399218907,False
852,0.0007562499999949068,5.733333333333333,99.99952399218907,False
853,0.0009411720000116475,-0.8888888888888888,99.99952399218907,False
854,0.0007472149998193345,5.733333333333333,99.99952399218907,False
855,0.000800825000169425,5.3125,99.99952399218907,False
856,0.0007493230000363837,5.733333333333333,99.99952399218907,False
857,0.0016636899999866728,-3.9393939393939394,99.99952399218907,False
858,0.0013248679999833257,-0.9259259259259259,99.99952399218907,False
859,0.0009408710000116116,-0.8947368421052632,99.99952399218907,False
860,0.0013775739998891368,-0.9259259259259259,99.99952399218907,False
861,0.0007532380000156991,5.733333333333333,99.99952399218907,False
862,0.0007517330000155198,5.733333333333333,99.99952399218907,False
863,0.0007917890000044281,5.733333333333333,99.99952399218907,False
864,0.0012793910000254982,-0.9230769230769231,99.99952399218907,False
865,0.0008020289999421948,5.3125,99.99952399218907,False
866,0.0009441839999908552,-0.8947368421052632,99.99952399218907,False
867,0.0007484200000362762,5.733333333333333,99.99952399218907,False
868,0.0007505280000259518,5.733333333333333,99.99952399218907,False
869,0.0007475159998193703,5.733333333333333,99.99952399218907,False
870,0.0007478180000362045,5.733333333333333,99.99952399218907,False
871,0.0007972099999733473,5.3125,99.99952399218907,False
872,0.0013260739999623183,-0.9259259259259259,99.99952399218907,False
873,0.0014257620000535098,-0.9285714285714286,99.99952399218907,False
874,0.0007866690000355447,5.733333333333333,99.99952399218907,False
875,0.0007532390000051237,5.733333333333333,99.99952399218907,False
876,0.0007538410000051954,5.733333333333333,99.99952399218907,False
877,0.0015179220001755311,-4.233333333333333,99.99952399218907,False
878,0.0007514310000260593,5.733333333333333,99.99952399218907,False
879,0.0007499250000364555,5.733333333333333,99.99952399218907,False
880,0.0007502270000259159,5.733333333333333,99.99952399218907,False
881,0.0007948009999836358,5.733333333333333,99.99952399218907,False
882,0.0007532379997883254,5.733333333333333,99.99952399218907,False
883,0.0007577559999845107,5.733333333333333,99.99952399218907,False
884,0.0008508190001066396,4.9411764705882355,99.99952399218907,False
885,0.0010640520001743425,-0.9047619047619048,99.99952399218907,False
886,0.0013254720001896203,-0.9259259259259259,99.99952399218907,False
887,0.000746311000057176,5.733333333333333,99.99952399218907,False
888,0.0008369659999516443,5.733333333333333,99.99952399218907,False
889,0.0007478170000467799,5.733333333333333,99.99952399218907,False
890,0.0007508290000259876,5.733333333333333,99.99952399218907,False
891,0.0007496250000258442,5.733333333333333,99.99952399218907,False
892,0.003680961000100069,-4.933333333333334,99.99952399218907,False
893,0.0007941979999941395,5.733333333333333,99.99952399218907,False
894,0.0007520340000155556,5.733333333333333,99.99952399218907,False
895,0.0007529370000156632,5.733333333333333,99.99952399218907,False
896,0.0007505280000259518,5.733333333333333,99.99952399218907,False
897,0.0007917890000044281,5.733333333333333,99.99952399218907,False
898,0.0008487109998895903,4.9411764705882355,99.99952399218907,False
899,0.000755948999994871,5.733333333333333,99.99952399218907,False
900,0.0007532380000156991,5.733333333333333,99.99952399218907,False
901,0.0014555789998667024,-0.9285714285714286,99.99952399218907,False
902,0.000748721000036312,5.733333333333333,99.99952399218907,False
903,0.0013730569999097497,-0.9285714285714286,99.99952399218907,False
904,0.0007890780000252562,5.733333333333333,99.99952399218907,False
905,0.000748721000036312,5.733333333333333,99.99952399218907,False
906,0.0007505279997985781,5.733333333333333,99.99952399218907,False
907,0.0007505280000259518,5.733333333333333,99.99952399218907,False
908,0.0007878740000251128,5.733333333333333,99.99952399218907,False
909,0.0009860469999694033,-0.9,99.99952399218907,False
910,0.0007484200000362762,5.733333333333333,99.99952399218907,False
911,0.0007963069999732397,5.3125,99.99952399218907,False
912,0.0007505280000259518,5.733333333333333,99.99952399218907,False
913,0.0007484200000362762,5.733333333333333,99.99952399218907,False
914,0.0008420849999311031,4.9411764705882355,99.99952399218907,False
915,0.0007917890000044281,5.733333333333333,99.99952399218907,False
916,0.0008490119998896262,4.9411764705882355,99.99952399218907,False
917,0.0008005239999420155,5.3125,99.99952399218907,False
918,0.0007490220000363479,5.733333333333333,99.99952399218907,False
919,0.0007484190000468516,5.733333333333333,99.99952399218907,False
920,0.0007484200000362762,5.733333333333333,99.99952399218907,False
921,0.0007499250000364555,5.733333333333333,99.99952399218907,False
922,0.0007502270000259159,5.733333333333333,99.99952399218907,False
923,0.0007535400000051595,5.733333333333333,99.99952399218907,False
924,0.000757153999984439,5.733333333333333,99.99952399218907,False
925,0.0007553469999947993,5.733333333333333,99.99952399218907,False
926,0.0007541429999946558,5.733333333333333,99.99952399218907,False
927,0.0007547449999947276,5.733333333333333,99.99952399218907,False
928,0.0008487109998895903,4.9411764705882355,99.99952399218907,False
929,0.0007993189999524475,5.3125,99.99952399218907,False
930,0.0008402779999414633,4.9411764705882355,99.99952399218907,False
931,0.0008538310000858473,5.733333333333333,99.99952399218907,False
932,0.0007511310000154481,5.733333333333333,99.99952399218907,False
933,0.0007472149998193345,5.733333333333333,99.99952399218907,False
934,0.000748721000036312,5.733333333333333,99.99952399218907,False
935,0.0007514320000154839,5.733333333333333,99.99952399218907,False
936,0.0008466029998999147,4.9411764705882355,99.99952399218907,False
937,0.0007490220000363479,5.733333333333333,99.99952399218907,False
938,0.0010833269998329342,-0.9090909090909091,99.99952399218907,False
939,0.0007935959999940678,5.733333333333333,99.99952399218907,False
940,0.0007511300000260235,5.733333333333333,99.99952399218907,False
941,0.0007502270000259159,5.733333333333333,99.99952399218907,False
942,0.0007493230000363837,5.733333333333333,99.99952399218907,False
943,0.0007905840000148601,5.733333333333333,99.99952399218907,False
944,0.0007529370000156632,5.733333333333333,99.99952399218907,False
945,0.0007541420000052312,5.733333333333333,99.99952399218907,False
946,0.0008020289999421948,5.733333333333333,99.99952399218907,False
947,0.0007960049999837793,5.733333333333333,99.99952399218907,False
948,0.0009011160000227392,-0.8888888888888888,99.99952399218907,False
949,0.000757153999984439,5.733333333333333,99.99952399218907,False
950,0.000755948999994871,5.733333333333333,99.99952399218907,False
951,0.0007954029999837076,5.733333333333333,99.99952399218907,False
952,0.0009941779999280698,-0.9,99.99952399218907,False
953,0.0007484200000362762,5.733333333333333,99.99952399218907,False
954,0.0008475069998894469,4.9411764705882355,99.99952399218907,False
955,0.0007923919999939244,5.733333333333333,99.99952399218907,False
956,0.0007499250000364555,5.733333333333333,99.99952399218907,False
957,0.000744204000056925,5.733333333333333,99.99952399218907,False
958,0.0007484190000468516,5.733333333333333,99.99952399218907,False
959,0.0007884760000251845,5.733333333333333,99.99952399218907,False
960,0.0007490219998089742,5.733333333333333,99.99952399218907,False
961,0.0007484200000362762,5.733333333333333,99.99952399218907,False
962,0.0007628759999533941,5.733333333333333,99.99952399218907,False
963,0.0007944989999941754,5.733333333333333,99.99952399218907,False
964,0.0007580569999845466,5.733333333333333,99.99952399218907,False
965,0.000754744000005303,5.733333333333333,99.99952399218907,False
966,0.0007517320000260952,5.733333333333333,99.99952399218907,False
967,0.0007914880000043922,5.733333333333333,99.99952399218907,False
968,0.0007496250000258442,5.733333333333333,99.99952399218907,False
969,0.0012775840000358585,-0.9230769230769231,99.99952399218907,False
970,0.0015040670000416867,-4.233333333333333,99.99952399218907,False
971,0.0007448049998401984,5.733333333333333,99.99952399218907,False
972,0.000747516000046744,5.733333333333333,99.99952399218907,False
973,0.0007556479999948351,5.733333333333333,99.99952399218907,False
974,0.0009008150000227033,4.9411764705882355,99.99952399218907,False
975,0.0007541420000052312,5.733333333333333,99.99952399218907,False
976,0.0007923910000044998,5.733333333333333,99.99952399218907,False
977,0.0008032339999317628,5.3125,99.99952399218907,False
978,0.0007923919999939244,5.733333333333333,99.99952399218907,False
979,0.0007499260000258801,5.733333333333333,99.99952399218907,False
980,0.0008956940000643954,4.611111111111111,99.99952399218907,False
981,0.0007499250000364555,5.733333333333333,99.99952399218907,False
982,0.0007502260000364913,5.733333333333333,99.99952399218907,False
983,0.0007475170000361686,5.733333333333333,99.99952399218907,False
984,0.000893886999847382,4.611111111111111,99.99952399218907,False
985,0.0007496240000364196,5.733333333333333,99.99952399218907,False
986,0.0007481190000362403,5.733333333333333,99.99952399218907,False
987,0.0009426770000118267,4.315789473684211,99.99952399218907,False
988,0.000746311000057176,5.733333333333333,99.99952399218907,False
989,0.0013706470001579873,-0.9259259259259259,99.99952399218907,False
990,0.0007493239997984347,5.733333333333333,99.99952399218907,False
991,0.0007851630000459409,5.733333333333333,99.99952399218907,False
992,0.0007556479999948351,5.733333333333333,99.99952399218907,False
993,0.0008950920000643237,4.9411764705882355,99.99952399218907,False
994,0.0007457089998297306,5.733333333333333,99.99952399218907,False
995,0.0020016089999899123,-0.9512195121951219,99.99952399218907,False
996,0.000748721000036312,5.733333333333333,99.99952399218907,False
997,0.0007505280000259518,5.733333333333333,99.99952399218907,False
998,0.0007538410000051954,5.733333333333333,99.99952399218907,False
999,0.0008026319999316911,5.3125,99.99952399218907,False
1000,0.0007532380000156991,5.733333333333333,99.99952399218907,False
